A N A L Y S I S   O F   A   P L A N E   F R A M E 

N O D A L   I N F O R M A T I O N 
________________________________________________________________________________________________
Node   Coordinates      *Nodal          Nodal Loads    In-plane    Type of support
                      Restraints                       moment
------------------------------------------------------------------------------------------------
       X       Y      x   y theta(z)    Fx      Fy       Mz
------------------------------------------------------------------------------------------------
 1    0.0     0.0     1   1   1        0.0      0.0     0.0
 2    0.0    192.0     1   1   1        0.0  -6480.0 -345600.0
 3   240.0    192.0     1   1   1        0.0  -3520.0 230400.0
 4   240.0     0.0     0   0   0        0.0      0.0     0.0        Fixed end support
* NOTE: 1 indicates an unrestrained degree of freedom
        0 indicates a  restrained   degree of freedom

The vector of restrained degrees of freedom for the structure is
10 11 12 

________________________________________________________________________________________________
E L E M E N T   I N F O R M A T I O N
Element first second Area    Moment of    Young's    Element            Description
        node  node    (A)    Intertia(Iz) modulus(E)  load*    w1       x1       w2       x2
------------------------------------------------------------------------------------------------
 1      1      2     100.000   6.000e+02   3.00e+07     DL   -41.67    0.00    -41.67  192.00
 2      2      3     100.000   1.000e+03   3.00e+07     DL     0.00    0.00      0.00    0.00
 3      3      4     100.000   4.000e+02   3.00e+07     DL     0.00    0.00      0.00    0.00
*NOTE: DL = Distributed load w on the element
            from a distance of d1 to a distance of d2 from left end
________________________________________________________________________________________________
DETAILED COMPUTATIONS FOR EACH ELEMENT ARE PRESENTED BELOW
{eforce} the vector of equivalent nodal forces for each element along local axes
Element     Vector of Element Forces  {eforce}
  1         0.000   -4000.003   -128000.102      0.000   -4000.003   128000.102   
  2         0.000      0.000      0.000      0.000      0.000      0.000   
  3         0.000      0.000      0.000      0.000      0.000      0.000   
================================================================================================
                              S T I F F N E S S    M A T R I C E S
________________________________________________________________________________________________
 Element No = 1 
------------------------------------------------------------------------------------------------
 - Local Stiffness Matrix: 
     +----                                                    ----+  
     | EA/L    0          0         -EA/L      0          0       |  
     | 0       12EI/L^3   6EI/L^2    0        -12EI/L^3   6EI/L^2 |  
     | 0       6EI/L^2    4EI/L      0        -6EI /L^2   2EI/L   |  
     |-EA/L    0          0          EA/L      0          0       | =
     | 0      -12EI/L^3  -6EI/L^2    0         12EI/L^3  -6EI/L2  |  
     | 0       6EI/L^2    2EI/L      0        -6EI /L^2   4EI/L   |  
     +----                                                    ----+  
     1.563e+07	     0.000e+00	     0.000e+00	    -1.563e+07	     0.000e+00	     0.000e+00	
     0.000e+00	     3.052e+04	     2.930e+06	     0.000e+00	    -3.052e+04	     2.930e+06	
     0.000e+00	     2.930e+06	     3.750e+08	     0.000e+00	    -2.930e+06	     1.875e+08	
    -1.563e+07	     0.000e+00	     0.000e+00	     1.563e+07	     0.000e+00	     0.000e+00	
     0.000e+00	    -3.052e+04	    -2.930e+06	     0.000e+00	     3.052e+04	    -2.930e+06	
     0.000e+00	     2.930e+06	     1.875e+08	     0.000e+00	    -2.930e+06	     3.750e+08	
------------------------------------------------------------------------------------------------
 - Transformation Matrix: 
     +---                  ---+   +---                               ---+
     |  c   s   0   0   0   0 |   |  0.00  1.00  0.00  0.00  0.00  0.00 |
     | -s   c   0   0   0   0 |   | -1.00  0.00  0.00  0.00  0.00  0.00 |
     |  0   0   1   0   0   0 |   |  0.00  0.00  1.00  0.00  0.00  0.00 |
     |  0   0   0   c   s   0 | = |  0.00  0.00  0.00  0.00  1.00  0.00 |
     |  0   0   0  -s   c   0 |   |  0.00  0.00  0.00 -1.00  0.00  0.00 |
     |  0   0   0   0   0   1 |   |  0.00  0.00  0.00  0.00  0.00  1.00 |
     +---                  ---+   +---                               ---+
------------------------------------------------------------------------------------------------
 - Global Stiffness Matrix: K=T`kT = 
     +----                                                                  ----+ 
     | k( 1, 1) 	 k( 1, 2) 	 k( 1, 3) 	 k( 1, 4) 	 k( 1, 5) 	 k( 1, 6) 	| 
     | k( 2, 1) 	 k( 2, 2) 	 k( 2, 3) 	 k( 2, 4) 	 k( 2, 5) 	 k( 2, 6) 	| 
     | k( 3, 1) 	 k( 3, 2) 	 k( 3, 3) 	 k( 3, 4) 	 k( 3, 5) 	 k( 3, 6) 	| 
     | k( 4, 1) 	 k( 4, 2) 	 k( 4, 3) 	 k( 4, 4) 	 k( 4, 5) 	 k( 4, 6) 	|  =  
     | k( 5, 1) 	 k( 5, 2) 	 k( 5, 3) 	 k( 5, 4) 	 k( 5, 5) 	 k( 5, 6) 	| 
     | k( 6, 1) 	 k( 6, 2) 	 k( 6, 3) 	 k( 6, 4) 	 k( 6, 5) 	 k( 6, 6) 	| 
     +----                                                                  ----+ 
     3.052e+04	     0.000e+00	    -2.930e+06	    -3.052e+04	     0.000e+00	    -2.930e+06	
     0.000e+00	     1.563e+07	     0.000e+00	     0.000e+00	    -1.563e+07	     0.000e+00	
    -2.930e+06	     0.000e+00	     3.750e+08	     2.930e+06	     0.000e+00	     1.875e+08	
    -3.052e+04	     0.000e+00	     2.930e+06	     3.052e+04	     0.000e+00	     2.930e+06	
     0.000e+00	    -1.563e+07	     0.000e+00	     0.000e+00	     1.563e+07	     0.000e+00	
    -2.930e+06	     0.000e+00	     1.875e+08	     2.930e+06	     0.000e+00	     3.750e+08	
________________________________________________________________________________________________
 Element No = 2 
------------------------------------------------------------------------------------------------
 - Local Stiffness Matrix: 
     +----                                                    ----+  
     | EA/L    0          0         -EA/L      0          0       |  
     | 0       12EI/L^3   6EI/L^2    0        -12EI/L^3   6EI/L^2 |  
     | 0       6EI/L^2    4EI/L      0        -6EI /L^2   2EI/L   |  
     |-EA/L    0          0          EA/L      0          0       | =
     | 0      -12EI/L^3  -6EI/L^2    0         12EI/L^3  -6EI/L2  |  
     | 0       6EI/L^2    2EI/L      0        -6EI /L^2   4EI/L   |  
     +----                                                    ----+  
     1.250e+07	     0.000e+00	     0.000e+00	    -1.250e+07	     0.000e+00	     0.000e+00	
     0.000e+00	     2.604e+04	     3.125e+06	     0.000e+00	    -2.604e+04	     3.125e+06	
     0.000e+00	     3.125e+06	     5.000e+08	     0.000e+00	    -3.125e+06	     2.500e+08	
    -1.250e+07	     0.000e+00	     0.000e+00	     1.250e+07	     0.000e+00	     0.000e+00	
     0.000e+00	    -2.604e+04	    -3.125e+06	     0.000e+00	     2.604e+04	    -3.125e+06	
     0.000e+00	     3.125e+06	     2.500e+08	     0.000e+00	    -3.125e+06	     5.000e+08	
------------------------------------------------------------------------------------------------
 - Transformation Matrix: 
     +---                  ---+   +---                               ---+
     |  c   s   0   0   0   0 |   |  1.00  0.00  0.00  0.00  0.00  0.00 |
     | -s   c   0   0   0   0 |   | -0.00  1.00  0.00  0.00  0.00  0.00 |
     |  0   0   1   0   0   0 |   |  0.00  0.00  1.00  0.00  0.00  0.00 |
     |  0   0   0   c   s   0 | = |  0.00  0.00  0.00  1.00  0.00  0.00 |
     |  0   0   0  -s   c   0 |   |  0.00  0.00  0.00 -0.00  1.00  0.00 |
     |  0   0   0   0   0   1 |   |  0.00  0.00  0.00  0.00  0.00  1.00 |
     +---                  ---+   +---                               ---+
------------------------------------------------------------------------------------------------
 - Global Stiffness Matrix: K=T`kT = 
     +----                                                                  ----+ 
     | k( 4, 4) 	 k( 4, 5) 	 k( 4, 6) 	 k( 4, 7) 	 k( 4, 8) 	 k( 4, 9) 	| 
     | k( 5, 4) 	 k( 5, 5) 	 k( 5, 6) 	 k( 5, 7) 	 k( 5, 8) 	 k( 5, 9) 	| 
     | k( 6, 4) 	 k( 6, 5) 	 k( 6, 6) 	 k( 6, 7) 	 k( 6, 8) 	 k( 6, 9) 	| 
     | k( 7, 4) 	 k( 7, 5) 	 k( 7, 6) 	 k( 7, 7) 	 k( 7, 8) 	 k( 7, 9) 	|  =  
     | k( 8, 4) 	 k( 8, 5) 	 k( 8, 6) 	 k( 8, 7) 	 k( 8, 8) 	 k( 8, 9) 	| 
     | k( 9, 4) 	 k( 9, 5) 	 k( 9, 6) 	 k( 9, 7) 	 k( 9, 8) 	 k( 9, 9) 	| 
     +----                                                                  ----+ 
     1.250e+07	     0.000e+00	     0.000e+00	    -1.250e+07	     0.000e+00	     0.000e+00	
     0.000e+00	     2.604e+04	     3.125e+06	     0.000e+00	    -2.604e+04	     3.125e+06	
     0.000e+00	     3.125e+06	     5.000e+08	     0.000e+00	    -3.125e+06	     2.500e+08	
    -1.250e+07	     0.000e+00	     0.000e+00	     1.250e+07	     0.000e+00	     0.000e+00	
     0.000e+00	    -2.604e+04	    -3.125e+06	     0.000e+00	     2.604e+04	    -3.125e+06	
     0.000e+00	     3.125e+06	     2.500e+08	     0.000e+00	    -3.125e+06	     5.000e+08	
________________________________________________________________________________________________
 Element No = 3 
------------------------------------------------------------------------------------------------
 - Local Stiffness Matrix: 
     +----                                                    ----+  
     | EA/L    0          0         -EA/L      0          0       |  
     | 0       12EI/L^3   6EI/L^2    0        -12EI/L^3   6EI/L^2 |  
     | 0       6EI/L^2    4EI/L      0        -6EI /L^2   2EI/L   |  
     |-EA/L    0          0          EA/L      0          0       | =
     | 0      -12EI/L^3  -6EI/L^2    0         12EI/L^3  -6EI/L2  |  
     | 0       6EI/L^2    2EI/L      0        -6EI /L^2   4EI/L   |  
     +----                                                    ----+  
     1.563e+07	     0.000e+00	     0.000e+00	    -1.563e+07	     0.000e+00	     0.000e+00	
     0.000e+00	     2.035e+04	     1.953e+06	     0.000e+00	    -2.035e+04	     1.953e+06	
     0.000e+00	     1.953e+06	     2.500e+08	     0.000e+00	    -1.953e+06	     1.250e+08	
    -1.563e+07	     0.000e+00	     0.000e+00	     1.563e+07	     0.000e+00	     0.000e+00	
     0.000e+00	    -2.035e+04	    -1.953e+06	     0.000e+00	     2.035e+04	    -1.953e+06	
     0.000e+00	     1.953e+06	     1.250e+08	     0.000e+00	    -1.953e+06	     2.500e+08	
------------------------------------------------------------------------------------------------
 - Transformation Matrix: 
     +---                  ---+   +---                               ---+
     |  c   s   0   0   0   0 |   |  0.00 -1.00  0.00  0.00  0.00  0.00 |
     | -s   c   0   0   0   0 |   |  1.00  0.00  0.00  0.00  0.00  0.00 |
     |  0   0   1   0   0   0 |   |  0.00  0.00  1.00  0.00  0.00  0.00 |
     |  0   0   0   c   s   0 | = |  0.00  0.00  0.00  0.00 -1.00  0.00 |
     |  0   0   0  -s   c   0 |   |  0.00  0.00  0.00  1.00  0.00  0.00 |
     |  0   0   0   0   0   1 |   |  0.00  0.00  0.00  0.00  0.00  1.00 |
     +---                  ---+   +---                               ---+
------------------------------------------------------------------------------------------------
 - Global Stiffness Matrix: K=T`kT = 
     +----                                                                  ----+ 
     | k( 7, 7) 	 k( 7, 8) 	 k( 7, 9) 	 k( 7,10) 	 k( 7,11) 	 k( 7,12) 	| 
     | k( 8, 7) 	 k( 8, 8) 	 k( 8, 9) 	 k( 8,10) 	 k( 8,11) 	 k( 8,12) 	| 
     | k( 9, 7) 	 k( 9, 8) 	 k( 9, 9) 	 k( 9,10) 	 k( 9,11) 	 k( 9,12) 	| 
     | k(10, 7) 	 k(10, 8) 	 k(10, 9) 	 k(10,10) 	 k(10,11) 	 k(10,12) 	|  =  
     | k(11, 7) 	 k(11, 8) 	 k(11, 9) 	 k(11,10) 	 k(11,11) 	 k(11,12) 	| 
     | k(12, 7) 	 k(12, 8) 	 k(12, 9) 	 k(12,10) 	 k(12,11) 	 k(12,12) 	| 
     +----                                                                  ----+ 
     2.035e+04	     0.000e+00	     1.953e+06	    -2.035e+04	     0.000e+00	     1.953e+06	
     0.000e+00	     1.563e+07	     0.000e+00	     0.000e+00	    -1.563e+07	     0.000e+00	
     1.953e+06	     0.000e+00	     2.500e+08	    -1.953e+06	     0.000e+00	     1.250e+08	
    -2.035e+04	     0.000e+00	    -1.953e+06	     2.035e+04	     0.000e+00	    -1.953e+06	
     0.000e+00	    -1.563e+07	     0.000e+00	     0.000e+00	     1.563e+07	     0.000e+00	
     1.953e+06	     0.000e+00	     1.250e+08	    -1.953e+06	     0.000e+00	     2.500e+08	
________________________________________________________________________________________________
                                   Assembled Stiffness Matrix
                             (Before Imposing Boundary Conditions)
------------------------------------------------------------------------------------------------
     3.052e+04	     0.000e+00	    -2.930e+06	    -3.052e+04	     0.000e+00	    -2.930e+06	     0.000e+00	     0.000e+00	     0.000e+00	     0.000e+00	     0.000e+00	     0.000e+00	
     0.000e+00	     1.563e+07	     0.000e+00	     0.000e+00	    -1.563e+07	     0.000e+00	     0.000e+00	     0.000e+00	     0.000e+00	     0.000e+00	     0.000e+00	     0.000e+00	
    -2.930e+06	     0.000e+00	     3.750e+08	     2.930e+06	     0.000e+00	     1.875e+08	     0.000e+00	     0.000e+00	     0.000e+00	     0.000e+00	     0.000e+00	     0.000e+00	
    -3.052e+04	     0.000e+00	     2.930e+06	     1.253e+07	     0.000e+00	     2.930e+06	    -1.250e+07	     0.000e+00	     0.000e+00	     0.000e+00	     0.000e+00	     0.000e+00	
     0.000e+00	    -1.563e+07	     0.000e+00	     0.000e+00	     1.565e+07	     3.125e+06	     0.000e+00	    -2.604e+04	     3.125e+06	     0.000e+00	     0.000e+00	     0.000e+00	
    -2.930e+06	     0.000e+00	     1.875e+08	     2.930e+06	     3.125e+06	     8.750e+08	     0.000e+00	    -3.125e+06	     2.500e+08	     0.000e+00	     0.000e+00	     0.000e+00	
     0.000e+00	     0.000e+00	     0.000e+00	    -1.250e+07	     0.000e+00	     0.000e+00	     1.252e+07	     0.000e+00	     1.953e+06	    -2.035e+04	     0.000e+00	     1.953e+06	
     0.000e+00	     0.000e+00	     0.000e+00	     0.000e+00	    -2.604e+04	    -3.125e+06	     0.000e+00	     1.565e+07	    -3.125e+06	     0.000e+00	    -1.563e+07	     0.000e+00	
     0.000e+00	     0.000e+00	     0.000e+00	     0.000e+00	     3.125e+06	     2.500e+08	     1.953e+06	    -3.125e+06	     7.500e+08	    -1.953e+06	     0.000e+00	     1.250e+08	
     0.000e+00	     0.000e+00	     0.000e+00	     0.000e+00	     0.000e+00	     0.000e+00	    -2.035e+04	     0.000e+00	    -1.953e+06	     2.035e+04	     0.000e+00	    -1.953e+06	
     0.000e+00	     0.000e+00	     0.000e+00	     0.000e+00	     0.000e+00	     0.000e+00	     0.000e+00	    -1.563e+07	     0.000e+00	     0.000e+00	     1.563e+07	     0.000e+00	
     0.000e+00	     0.000e+00	     0.000e+00	     0.000e+00	     0.000e+00	     0.000e+00	     1.953e+06	     0.000e+00	     1.250e+08	    -1.953e+06	     0.000e+00	     2.500e+08	
________________________________________________________________________________________________
                                   Assembled Stiffness Matrix
                    (After Imposing Boundary Conditions (Condensed Version))
------------------------------------------------------------------------------------------------
     3.052e+04	     0.000e+00	    -2.930e+06	    -3.052e+04	     0.000e+00	    -2.930e+06	     0.000e+00	     0.000e+00	     0.000e+00	
     0.000e+00	     1.563e+07	     0.000e+00	     0.000e+00	    -1.563e+07	     0.000e+00	     0.000e+00	     0.000e+00	     0.000e+00	
    -2.930e+06	     0.000e+00	     3.750e+08	     2.930e+06	     0.000e+00	     1.875e+08	     0.000e+00	     0.000e+00	     0.000e+00	
    -3.052e+04	     0.000e+00	     2.930e+06	     1.253e+07	     0.000e+00	     2.930e+06	    -1.250e+07	     0.000e+00	     0.000e+00	
     0.000e+00	    -1.563e+07	     0.000e+00	     0.000e+00	     1.565e+07	     3.125e+06	     0.000e+00	    -2.604e+04	     3.125e+06	
    -2.930e+06	     0.000e+00	     1.875e+08	     2.930e+06	     3.125e+06	     8.750e+08	     0.000e+00	    -3.125e+06	     2.500e+08	
     0.000e+00	     0.000e+00	     0.000e+00	    -1.250e+07	     0.000e+00	     0.000e+00	     1.252e+07	     0.000e+00	     1.953e+06	
     0.000e+00	     0.000e+00	     0.000e+00	     0.000e+00	    -2.604e+04	    -3.125e+06	     0.000e+00	     1.565e+07	    -3.125e+06	
     0.000e+00	     0.000e+00	     0.000e+00	     0.000e+00	     3.125e+06	     2.500e+08	     1.953e+06	    -3.125e+06	     7.500e+08	
================================================================================================


================================================================================================
                                 O U T P U T     S U M M A R Y
================================================================================================
 About: 
Solution obtained on 04-Apr-2019
================================================================================================
                             N O D A L   D I S P L A C E M E N T S
------------------------------------------------------------------------------------------------
Node        X- displacement           Y- displacement        Z-rotation
________________________________________________________________________________________________
 1          4.8421135734e+00         -6.9310725898e+00          3.5370673766e-02
 2         -1.8179836849e+00         -6.9310725898e+00          3.2640004915e-02
 3         -1.8186236854e+00         -6.4000000000e-04          2.3040000000e-02
 4          0.0000000000e+00          0.0000000000e+00          0.0000000000e+00
================================================================================================
                  F O R C E S   A N D   M O M E N T S   I N   E L E M E N T S
------------------------------------------------------------------------------------------------
ELEMENT  Axial      Shear     Bending       Axial     Shear     Bending
         Force      Force     Moment        Force     Force     Moment
         ----------------------------       ------------------------------
               at FIRST NODE                       at SECOND NODE
--------------------------------------------------------------------------
  1      0.000      0.000      0.000        -0.000   8000.006 -768000.614
  2   8000.006  -6480.000 422400.614     -8000.006   6480.000 -1977600.614
  3  10000.000   8000.006 2208000.614    -10000.000  -8000.006 -671999.386
================================================================================================
                               S U P P O R T    R E A C T I O N S
Support node      Rx             Ry          Mz
------------------------------------------------------------------------------------------------
    4        -8000.006     10000.000   -671999.386
================================================================================================
